15
325
360
479
607
614
619
754
824
932
1039
1060
1155
1216
1362
1555
1567
1740
1795
1916
1917
1922
1990
2198
2208
2421
2784
2852
3086
3087
3129
3131
3600
3623
3705
3733
3798
3835
3983
3987
4347
4541
4652
4669
4688
4773
4853
5012
5051
5066
5159
5368
5433
5444
5605
5882
5991
6019
6043
6200
6204
6341
6707
6764
6770
6808
6835
6841
6898
6904
7013
7047
7127
7236
7418
7491
7570
7586
7846
7858
7875
8010
8091
8162
8194
8245
8300
8504
8523
8548
8815
8846
8867
8912
8942
9038
9170
9447
9492
9508
9544
9572
9630
9639
9765
9844
9943
9984
10074
10158
10251
10311
10461
10493
10557
10588
10729
10738
10826
10840
10887
10997
11240
11533
11598
11670
11760
11786
12191
12376
12393
12416
12431
12517
12588
12646
12669
12749
12939
12974
13079
13102
13386
13565
13568
13616
13687
13733
13768
13775
13942
13974
14090
14199
14375
14389
14411
14548
14658
14666
14753
14934
14963
15179
15347
15439
15699
15950
16005
16081
16083
16356
16558
16582
16662
16841
16961
17224
17430
17453
17843
17893
17936
18179
18229
18254
18272
18320
18410
18638
18725
18950
18958
19044
19067
19180
19257
19475
19512
19522
19714
19737
19768
19782
19846
19903
20117
20200
20556
20768
20833
20837
20987
21259
21305
21464
21507
21565
21755
21899
22003
22338
22345
22381
22440
22499
22519
22522
22826
22912
23050
23062
23157
23358
24128
24542
25055
25095
25422
25430
25634
25646
25661
25690
25699
25707
25762
25777
25795
25919
25928
25983
26203
26296
26357
26399
26496
26511
26526
26601
26642
26674
26781
27015
27166
27177
27234
27243
27717
27929
27937
27979
28106
28199
28289
28343
28405
28587
28640
28666
28692
28718
28751
28872
28903
28922
28932
28934
28952
28988
29120
29147
29293
29456
29519
29556
29660
29683
29761
29861
30072
30349
30515
30576
30596
30597
30682
30745
30752
30829
30834
31184
31225
31287
31303
31382
31503
31515
31532
31585
31783
31994
32006
32029
32148
32214
32316
32404
32494
32495
32573
33040
33080
33088
33150
33263
33393
33466
33625
33674
33787
33903
33993
34041
34084
34105
34154
34550
34567
34571
34840
34997
35072
35250
35358
35430
35453
35488
35593
35630
35844
35928
36002
36005
36034
36038
36065
36075
36249
36272
36302
36517
36576
36797
37177
37542
37546
37591
37602
37611
37639
37747
37911
37961
37993
38064
38095
38122
38328
38329
38349
38721
38880
39402
39592
39785
39831
39957
40055
40131
40233
40316
40330
40357
40393
40625
40781
40783
40839
40895
40936
40956
41249
41306
41317
41372
41416
41647
41694
41733
41810
41840
41924
42049
42171
42224
42519
42672
42695
42808
42871
42908
43460
43530
43576
43835
43846
43878
44095
44267
44548
44587
44649
44836
44908
45032
45487
45797
45875
45921
46091
46221
46493
46534
46540
46612
46730
46946
47056
47057
47084
47219
47485
47528
47597
47681
47782
47866
47896
47960
48037
48066
48150
48159
48187
48341
48545
48803
48807
49093
49183
49187
49191
49419
49438
49484
49504
49582
49617
49676
49722
49953
50344
50373
50540
50633
50895
51082
51130
51136
51189
51236
51274
51390
51444
51488
51618
51814
51870
51977
52058
52199
52406
52436
52613
52677
52754
52790
52962
52993
53014
53038
53110
53209
53418
53656
53660
53774
53811
54115
54346
54448
54511
54646
54917
55035
55232
55289
55348
55360
55361
55824
55861
55895
55898
55947
56026
56150
56167
56174
56210
56228
56245
56314
56809
56864
57037
57123
57230
57280
57286
57295
57331
57341
57517
57568
57569
57593
57635
57692
57802
57828
58023
58241
58371
58396
58418
58470
58555
58602
58768
59322
59339
59357
59374
59391
59425
59530
59596
59925
59991
60113
60153
60235
60243
60555
60847
61018
61030
61480
61672
61704
61751
61949
61954
61969
62008
62096
62117
62387
62464
62488
62597
62625
62664
62701
62722
62829
62839
62839
62911
62976
63005
63046
63079
63120
63121
63140
63196
63439
63469
63476
63484
63699
64181
64243
64244
64385
64389
64412
64583
64614
64681
64817
65092
65145
65399
65415
65474
65478
65529
65560
65703
65733
65835
65944
66108
66191
66286
66292
66319
66347
66401
66440
66584
66641
66701
66880
66995
67040
67347
67356
67418
67520
67623
67637
67643
67734
67759
67885
67912
68024
68043
68162
68292
68579
68598
68676
68905
69551
69615
69731
69759
69859
69867
69945
70003
70063
70110
70185
70555
70798
70992
71323
71377
71405
71414
71432
71446
71461
71552
71670
71810
71907
71925
71947
72102
72351
72365
72436
72452
72581
72902
72969
73124
73181
73326
73452
73718
73897
73914
74075
74166
74172
74263
74379
74531
74664
74693
74701
74767
74912
74971
75090
75153
75183
75293
75428
75493
75876
75891
75921
76003
76106
76168
76172
76217
76313
76326
76389
76489
76547
76618
76667
76740
76860
76928
77075
77079
77304
77343
77506
77680
77700
77725
77781
77790
77821
77958
78013
78175
78199
78206
78247
78290
78298
78396
78466
78468
78500
78773
78775
79225
79229
79464
79581
79646
79758
79770
79879
79892
79922
79997
80028
80172
80298
80299
80362
80375
80464
80501
80618
80690
80753
81147
81246
81422
81434
81469
81608
81801
81842
81877
81897
81996
82128
82170
82316
82373
82552
82624
82654
82695
82721
82800
82830
82867
83043
83051
83106
83209
83395
83552
83608
83859
83889
83985
84014
84124
84157
84227
84313
84380
84504
84906
85154
85191
85337
85339
85502
85599
85619
85681
85773
85879
85920
85926
86079
86080
86130
86214
86222
86382
86626
86746
86836
87017
87162
87168
87230
87306
87442
87629
87747
87978
88033
88063
88079
88094
88204
88270
88318
88371
88499
88535
88631
88710
88869
88944
89007
89131
89164
89569
89631
89875
89890
90017
90086
90094
90245
90301
90325
90342
90428
90744
90816
91004
91096
91229
91314
91335
91386
91413
91440
91489
91508
91586
91740
91820
91821
91858
91872
91903
92037
92067
92072
92352
92497
92526
92567
92843
93055
93115
93159
93174
93414
93451
93472
93519
93558
93594
93684
94069
94071
94079
94270
94275
94329
94353
94450
94614
94691
94898
94992
95093
95111
95247
95315
95677
95774
95819
95860
95931
96138
96286
96297
96414
96581
96590
96686
96749
96756
96760
96960
96984
97086
97211
97238
97254
97405
97513
97518
97632
97639
97707
97770
97820
97887
98028
98143
98263
98320
98369
98384
98523
98579
98618
98869
98929
99065
99084
99098
99205
99214
99225
99333
99392
99547
99781
99858
99952